16 False
12 4 3
1000
-2.2 -1.2000000000000002 -1.5 -0.5 1000
-1.2000000000000002 -0.20000000000000018 -1.5 -0.5 1000
-0.20000000000000018 0.7999999999999998 -1.5 -0.5 1000
0.7999999999999998 1.3 -1.5 -0.5 500
-2.2 -1.2000000000000002 -0.5 0.5 1000
-1.2000000000000002 -0.20000000000000018 -0.5 0.5 1000
-0.20000000000000018 0.7999999999999998 -0.5 0.5 1000
0.7999999999999998 1.3 -0.5 0.5 500
-2.2 -1.2000000000000002 0.5 1.5 1000
-1.2000000000000002 -0.20000000000000018 0.5 1.5 1000
-0.20000000000000018 0.7999999999999998 0.5 1.5 1000
0.7999999999999998 1.3 0.5 1.5 500
